4.021337194974258 0.000000000000000 0.221664874516203 1.000000000000000 -0.022097486946815
-4.021337194974258 0.000000000000000 0.221664874516203 1.000000000000000 -0.022097486946815
0.000000000000000 4.021337194974258 0.221664874516203 0.233406503359782 0.021304058772935
0.000000000000000 -4.021337194974258 0.221664874516203 0.233406503359782 0.021304058772937
0.000000000000000 0.000000000000000 4.243002069490461 1.000000000000000 -0.046826755029790
0.000000000000000 0.000000000000000 -3.799672320458055 0.991600241725948 0.043259658359472
2.321720112020643 2.321720112020643 2.543384986536846 0.999999999964133 -0.030956176399474
2.321720112020643 2.321720112020643 -2.100055237504439 0.240885862825623 0.031264857301332
2.321720112020643 -2.321720112020643 2.543384986536846 0.999999999964133 -0.030956176399476
2.321720112020643 -2.321720112020643 -2.100055237504439 0.240885862825623 0.031264857301335
-2.321720112020643 2.321720112020643 2.543384986536846 0.999999999964133 -0.030956176399474
-2.321720112020643 2.321720112020643 -2.100055237504439 0.240885862825623 0.031264857301332
-2.321720112020643 -2.321720112020643 2.543384986536846 0.999999999964133 -0.030956176399476
-2.321720112020643 -2.321720112020643 -2.100055237504439 0.240885862825623 0.031264857301335
0.744412389783079 0.744412389783079 4.102754054573565 1.000000000000000 -0.045574193660967
0.744412389783079 0.744412389783079 -3.659424305541159 0.588479298860609 0.043813423482846
0.744412389783079 -0.744412389783079 4.102754054573565 1.000000000000000 -0.045574193660968
0.744412389783079 -0.744412389783079 -3.659424305541159 0.588479298860609 0.043813423482848
-0.744412389783079 0.744412389783079 4.102754054573565 1.000000000000000 -0.045574193660967
-0.744412389783079 0.744412389783079 -3.659424305541159 0.588479298860609 0.043813423482846
-0.744412389783079 -0.744412389783079 4.102754054573565 1.000000000000000 -0.045574193660968
-0.744412389783079 -0.744412389783079 -3.659424305541159 0.588479298860609 0.043813423482848
0.744412389783079 3.881089180057362 0.966077264299282 0.910577848004983 0.004132084971524
0.744412389783079 -3.881089180057362 0.966077264299282 0.910577848004983 0.004132084971526
0.744412389783079 3.881089180057362 -0.522747515266876 0.041223493795758 0.036168684226629
0.744412389783079 -3.881089180057362 -0.522747515266876 0.041223493795758 0.036168684226632
-0.744412389783079 3.881089180057362 0.966077264299282 0.910577848004983 0.004132084971524
-0.744412389783079 -3.881089180057362 0.966077264299282 0.910577848004983 0.004132084971526
-0.744412389783079 3.881089180057362 -0.522747515266876 0.041223493795758 0.036168684226629
-0.744412389783079 -3.881089180057362 -0.522747515266876 0.041223493795758 0.036168684226632
3.881089180057362 0.744412389783079 0.966077264299282 0.999999999999996 -0.027973451975247
-3.881089180057362 0.744412389783079 0.966077264299282 0.999999999999996 -0.027973451975247
3.881089180057362 0.744412389783079 -0.522747515266876 0.999999990594162 -0.012839852656723
-3.881089180057362 0.744412389783079 -0.522747515266876 0.999999990594162 -0.012839852656724
3.881089180057362 -0.744412389783079 0.966077264299282 0.999999999999996 -0.027973451975247
-3.881089180057362 -0.744412389783079 0.966077264299282 0.999999999999996 -0.027973451975247
3.881089180057362 -0.744412389783079 -0.522747515266876 0.999999990594162 -0.012839852656724
-3.881089180057362 -0.744412389783079 -0.522747515266876 0.999999990594162 -0.012839852656724
2.776415842052833 2.776415842052833 1.090101964741825 0.999881886980291 -0.015199497289364
2.776415842052833 2.776415842052833 -0.646772215709418 0.815719025167523 0.008422987247634
2.776415842052833 -2.776415842052833 1.090101964741825 0.999881886980291 -0.015199497289364
2.776415842052833 -2.776415842052833 -0.646772215709418 0.815719025167523 0.008422987247635
-2.776415842052833 2.776415842052833 1.090101964741825 0.999881886980291 -0.015199497289364
-2.776415842052833 2.776415842052833 -0.646772215709418 0.815719025167523 0.008422987247634
-2.776415842052833 -2.776415842052833 1.090101964741825 0.999881886980291 -0.015199497289364
-2.776415842052833 -2.776415842052833 -0.646772215709418 0.815719025167523 0.008422987247634
2.776415842052833 0.868437090225621 2.998080716569036 1.000000000000000 -0.041116826955527
2.776415842052833 -0.868437090225621 2.998080716569036 1.000000000000000 -0.041116826955527
2.776415842052833 0.868437090225621 -2.554750967536630 0.967089671311053 0.018880793949830
2.776415842052833 -0.868437090225621 -2.554750967536630 0.967089671311053 0.018880793949832
-2.776415842052833 0.868437090225621 2.998080716569036 1.000000000000000 -0.041116826955527
-2.776415842052833 -0.868437090225621 2.998080716569036 1.000000000000000 -0.041116826955527
-2.776415842052833 0.868437090225621 -2.554750967536630 0.967089671311053 0.018880793949830
-2.776415842052833 -0.868437090225621 -2.554750967536630 0.967089671311053 0.018880793949832
0.868437090225621 2.776415842052833 2.998080716569036 0.999999999849672 -0.029433255392299
-0.868437090225621 2.776415842052833 2.998080716569036 0.999999999849672 -0.029433255392299
0.868437090225621 2.776415842052833 -2.554750967536630 0.001779087627248 0.065187314409154
-0.868437090225621 2.776415842052833 -2.554750967536630 0.001779087627248 0.065187314409154
0.868437090225621 -2.776415842052833 2.998080716569036 0.999999999849672 -0.029433255392300
-0.868437090225621 -2.776415842052833 2.998080716569036 0.999999999849672 -0.029433255392300
0.868437090225621 -2.776415842052833 -2.554750967536630 0.001779087627248 0.065187314409155
-0.868437090225621 -2.776415842052833 -2.554750967536630 0.001779087627248 0.065187314409154
1.591200795659623 1.591200795659623 3.554428426205371 1.000000000000000 -0.040602053182192
1.591200795659623 1.591200795659623 -3.111098677172965 0.198673996461381 0.042718490639136
1.591200795659623 -1.591200795659623 3.554428426205371 1.000000000000000 -0.040602053182194
1.591200795659623 -1.591200795659623 -3.111098677172965 0.198673996461381 0.042718490639138
-1.591200795659623 1.591200795659623 3.554428426205371 1.000000000000000 -0.040602053182192
-1.591200795659623 1.591200795659623 -3.111098677172965 0.198673996461381 0.042718490639136
-1.591200795659623 -1.591200795659623 3.554428426205371 1.000000000000000 -0.040602053182194
-1.591200795659623 -1.591200795659623 -3.111098677172965 0.198673996461381 0.042718490639138
1.591200795659623 3.332763551689168 1.812865670175827 0.999911387089202 -0.014926667072252
1.591200795659623 -3.332763551689168 1.812865670175827 0.999911387089202 -0.014926667072252
1.591200795659623 3.332763551689168 -1.369535921143420 0.028362979515870 0.041943621422457
1.591200795659623 -3.332763551689168 -1.369535921143420 0.028362979515870 0.041943621422457
-1.591200795659623 3.332763551689168 1.812865670175827 0.999911387089202 -0.014926667072252
-1.591200795659623 -3.332763551689168 1.812865670175827 0.999911387089202 -0.014926667072252
-1.591200795659623 3.332763551689168 -1.369535921143420 0.028362979515870 0.041943621422457
-1.591200795659623 -3.332763551689168 -1.369535921143420 0.028362979515870 0.041943621422457
3.332763551689168 1.591200795659623 1.812865670175827 0.999999999996515 -0.031146938273789
-3.332763551689168 1.591200795659623 1.812865670175827 0.999999999996515 -0.031146938273789
3.332763551689168 1.591200795659623 -1.369535921143420 0.988965501329835 0.004072224045036
-3.332763551689168 1.591200795659623 -1.369535921143420 0.988965501329835 0.004072224045036
3.332763551689168 -1.591200795659623 1.812865670175827 0.999999999996515 -0.031146938273790
-3.332763551689168 -1.591200795659623 1.812865670175827 0.999999999996515 -0.031146938273790
3.332763551689168 -1.591200795659623 -1.369535921143420 0.988965501329835 0.004072224045037
-3.332763551689168 -1.591200795659623 -1.369535921143420 0.988965501329835 0.004072224045037
1.923683168486012 3.531373090310205 0.221664874516203 0.764703100242143 0.008381475280480
1.923683168486012 -3.531373090310205 0.221664874516203 0.764703100242143 0.008381475280482
-1.923683168486012 3.531373090310205 0.221664874516203 0.764703100242143 0.008381475280480
-1.923683168486012 -3.531373090310205 0.221664874516203 0.764703100242143 0.008381475280482
3.531373090310205 1.923683168486012 0.221664874516203 0.999976230874992 -0.014533012313223
3.531373090310205 -1.923683168486012 0.221664874516203 0.999976230874992 -0.014533012313223
-3.531373090310205 1.923683168486012 0.221664874516203 0.999976230874992 -0.014533012313223
-3.531373090310205 -1.923683168486012 0.221664874516203 0.999976230874992 -0.014533012313224
1.923683168486012 0.000000000000000 3.753037964826409 1.000000000000000 -0.045390993927465
1.923683168486012 0.000000000000000 -3.309708215794002 0.986218832814607 0.031102250776454
-1.923683168486012 0.000000000000000 3.753037964826409 1.000000000000000 -0.045390993927465
-1.923683168486012 0.000000000000000 -3.309708215794002 0.986218832814607 0.031102250776454
3.531373090310205 0.000000000000000 2.145348043002215 1.000000000000000 -0.037642774929263
3.531373090310205 0.000000000000000 -1.702018293969809 0.999998887222353 0.001518086654497
-3.531373090310205 0.000000000000000 2.145348043002215 1.000000000000000 -0.037642774929263
-3.531373090310205 0.000000000000000 -1.702018293969809 0.999998887222353 0.001518086654497
0.000000000000000 1.923683168486012 3.753037964826409 1.000000000000000 -0.039404009235828
0.000000000000000 1.923683168486012 -3.309708215794002 0.015366441186662 0.059886893680973
0.000000000000000 -1.923683168486012 3.753037964826409 1.000000000000000 -0.039404009235830
0.000000000000000 -1.923683168486012 -3.309708215794002 0.015366441186662 0.059886893680974
0.000000000000000 3.531373090310205 2.145348043002215 0.999939321944174 -0.014951247269081
0.000000000000000 3.531373090310205 -1.702018293969809 0.000588724030463 0.066516534221353
0.000000000000000 -3.531373090310205 2.145348043002215 0.999939321944174 -0.014951247269082
0.000000000000000 -3.531373090310205 -1.702018293969809 0.000588724030463 0.066516534221352
0.000000000000000 4.341078855401722 -0.886659498064813 0.999999688617371 0.032454680861395
0.000000000000000 1.430900622196667 -3.796837731269869 0.996010887234626 0.045793058670446
1.680192186330729 3.111092808527396 0.793532688265915 0.001421191473587 -0.002622330093458
1.680192186330729 3.111092808527396 -2.566851684395542 0.999463311093859 0.038455899777177
-1.680192186330729 3.111092808527396 0.793532688265915 0.001421191473587 -0.002622330093459
-1.680192186330729 3.111092808527396 -2.566851684395542 0.999463311093859 0.038455899777178
0.538719492606176 1.969620114802843 -3.695342457316851 0.998336199314091 0.045404441001163
0.538719492606176 0.892181129590492 -3.695342457316851 0.593630676403732 0.045188420836492
-0.538719492606176 1.969620114802843 -3.695342457316851 0.998336199314091 0.045404441001163
-0.538719492606176 0.892181129590492 -3.695342457316851 0.593630676403732 0.045188420836492
0.538719492606176 4.239583581448706 -0.347940005458637 0.984263608157501 0.026504359818907
0.538719492606176 4.239583581448706 -1.425378990670989 0.999982823156385 0.036326200801539
-0.538719492606176 4.239583581448706 -0.347940005458637 0.984263608157501 0.026504359818907
-0.538719492606176 4.239583581448706 -1.425378990670989 0.999982823156385 0.036326200801539
2.808682959252038 1.969620114802843 -0.347940005458637 0.000027587682200 -0.005849061995823
-2.808682959252038 1.969620114802843 -0.347940005458637 0.000027587682200 -0.005849061995823
2.808682959252038 1.969620114802843 -1.425378990670989 0.054667714182012 0.013723298746635
-2.808682959252038 1.969620114802843 -1.425378990670989 0.054667714182012 0.013723298746635
2.808682959252038 0.892181129590492 -1.425378990670989 0.000000856959669 0.002941909651131
-2.808682959252038 0.892181129590492 -1.425378990670989 0.000000856959669 0.002941909651131
2.009248306748761 3.440148928945429 -0.258185288033113 0.476862504381812 0.015640205568887
2.009248306748761 3.440148928945429 -1.515133708096513 0.985660968137683 0.029805164586529
-2.009248306748761 3.440148928945429 -0.258185288033113 0.476862504381812 0.015640205568887
-2.009248306748761 3.440148928945429 -1.515133708096513 0.985660968137683 0.029805164586529
2.009248306748761 2.059374832228367 -2.895907804813574 0.931758418151772 0.035827782544506
2.009248306748761 0.802426412164968 -2.895907804813574 0.063427296946558 0.032544508496445
-2.009248306748761 2.059374832228367 -2.895907804813574 0.931758418151772 0.035827782544506
-2.009248306748761 0.802426412164968 -2.895907804813574 0.063427296946558 0.032544508496445
0.628474210031700 3.440148928945429 1.122588808683948 0.002863863495441 0.000134743218715
-0.628474210031700 3.440148928945429 1.122588808683948 0.002863863495441 0.000134743218715
0.628474210031700 3.440148928945429 -2.895907804813574 0.999996114573799 0.044045016646861
-0.628474210031700 3.440148928945429 -2.895907804813574 0.999996114573799 0.044045016646861
1.151526891595780 2.582427513792448 -3.298527857839869 0.999646714478168 0.043264534977767
1.151526891595780 0.279373730600887 -3.298527857839869 0.016970784227088 0.043108280074445
-1.151526891595780 2.582427513792448 -3.298527857839869 0.999646714478168 0.043264534977767
-1.151526891595780 0.279373730600887 -3.298527857839869 0.016970784227088 0.043108280074445
1.151526891595780 3.842768981971723 0.264867393530967 0.473995725282648 0.015570634958160
1.151526891595780 3.842768981971723 -2.038186389660593 0.999968134688756 0.038638145323925
-1.151526891595780 3.842768981971723 0.264867393530967 0.473995725282648 0.015570634958160
-1.151526891595780 3.842768981971723 -2.038186389660593 0.999968134688756 0.038638145323925
2.411868359775056 2.582427513792448 0.264867393530967 0.000413315203577 -0.005437390522561
-2.411868359775056 2.582427513792448 0.264867393530967 0.000413315203577 -0.005437390522562
2.411868359775056 2.582427513792448 -2.038186389660593 0.882380352303224 0.028299435223087
-2.411868359775056 2.582427513792448 -2.038186389660593 0.882380352303224 0.028299435223087
2.411868359775056 0.279373730600887 -2.038186389660593 0.000000654116455 0.016117465542153
-2.411868359775056 0.279373730600887 -2.038186389660593 0.000000654116455 0.016117465542153
1.392139135088561 3.986499569131685 -0.886659498064813 0.990592286445872 0.028809584090773
-1.392139135088561 3.986499569131685 -0.886659498064813 0.990592286445872 0.028809584090774
2.555598946935017 2.823039757285229 -0.886659498064813 0.352825229913218 0.015553920402997
-2.555598946935017 2.823039757285229 -0.886659498064813 0.352825229913218 0.015553920402997
1.392139135088561 1.430900622196667 -3.442258444999831 0.848854827582884 0.041037659791940
-1.392139135088561 1.430900622196667 -3.442258444999831 0.848854827582884 0.041037659791940
2.555598946935017 1.430900622196667 -2.278798633153374 0.122682551215464 0.023506946270939
-2.555598946935017 1.430900622196667 -2.278798633153374 0.122682551215464 0.023506946270939
0.000000000000000 2.823039757285229 -3.442258444999831 0.999981175507196 0.046025588931951
0.000000000000000 0.038761487108106 -3.442258444999831 0.004452603756753 0.049835093443813
0.000000000000000 3.986499569131685 0.505479637023748 0.432952483992190 0.015314578890424
0.000000000000000 3.986499569131685 -2.278798633153374 0.999998496476326 0.042023025919729
0.000000000000000 -4.341078855401722 -0.886659498064813 0.999999688617371 0.032454680861398
0.000000000000000 -1.430900622196667 -3.796837731269869 0.996010887234626 0.045793058670449
1.680192186330729 -3.111092808527396 0.793532688265915 0.001421191473587 -0.002622330093458
1.680192186330729 -3.111092808527396 -2.566851684395542 0.999463311093859 0.038455899777179
-1.680192186330729 -3.111092808527396 0.793532688265915 0.001421191473587 -0.002622330093458
-1.680192186330729 -3.111092808527396 -2.566851684395542 0.999463311093859 0.038455899777179
0.538719492606176 -0.892181129590492 -3.695342457316851 0.593630676403732 0.045188420836494
0.538719492606176 -1.969620114802843 -3.695342457316851 0.998336199314091 0.045404441001166
-0.538719492606176 -0.892181129590492 -3.695342457316851 0.593630676403732 0.045188420836494
-0.538719492606176 -1.969620114802843 -3.695342457316851 0.998336199314091 0.045404441001166
0.538719492606176 -4.239583581448706 -0.347940005458637 0.984263608157501 0.026504359818909
0.538719492606176 -4.239583581448706 -1.425378990670989 0.999982823156385 0.036326200801542
-0.538719492606176 -4.239583581448706 -0.347940005458637 0.984263608157501 0.026504359818909
-0.538719492606176 -4.239583581448706 -1.425378990670989 0.999982823156385 0.036326200801542
2.808682959252038 -0.892181129590492 -1.425378990670989 0.000000856959669 0.002941909651132
-2.808682959252038 -0.892181129590492 -1.425378990670989 0.000000856959669 0.002941909651132
2.808682959252038 -1.969620114802843 -0.347940005458637 0.000027587682200 -0.005849061995822
-2.808682959252038 -1.969620114802843 -0.347940005458637 0.000027587682200 -0.005849061995822
2.808682959252038 -1.969620114802843 -1.425378990670989 0.054667714182012 0.013723298746637
-2.808682959252038 -1.969620114802843 -1.425378990670989 0.054667714182012 0.013723298746637
2.009248306748761 -3.440148928945429 -0.258185288033113 0.476862504381812 0.015640205568888
2.009248306748761 -3.440148928945429 -1.515133708096513 0.985660968137683 0.029805164586531
-2.009248306748761 -3.440148928945429 -0.258185288033113 0.476862504381812 0.015640205568888
-2.009248306748761 -3.440148928945429 -1.515133708096513 0.985660968137683 0.029805164586531
2.009248306748761 -0.802426412164968 -2.895907804813574 0.063427296946558 0.032544508496448
2.009248306748761 -2.059374832228367 -2.895907804813574 0.931758418151772 0.035827782544509
-2.009248306748761 -0.802426412164968 -2.895907804813574 0.063427296946558 0.032544508496448
-2.009248306748761 -2.059374832228367 -2.895907804813574 0.931758418151772 0.035827782544509
0.628474210031700 -3.440148928945429 1.122588808683948 0.002863863495441 0.000134743218717
-0.628474210031700 -3.440148928945429 1.122588808683948 0.002863863495441 0.000134743218717
0.628474210031700 -3.440148928945429 -2.895907804813574 0.999996114573799 0.044045016646864
-0.628474210031700 -3.440148928945429 -2.895907804813574 0.999996114573799 0.044045016646864
1.151526891595780 -0.279373730600887 -3.298527857839869 0.016970784227088 0.043108280074445
1.151526891595780 -2.582427513792448 -3.298527857839869 0.999646714478168 0.043264534977771
-1.151526891595780 -0.279373730600887 -3.298527857839869 0.016970784227088 0.043108280074445
-1.151526891595780 -2.582427513792448 -3.298527857839869 0.999646714478168 0.043264534977771
1.151526891595780 -3.842768981971723 0.264867393530967 0.473995725282648 0.015570634958161
1.151526891595780 -3.842768981971723 -2.038186389660593 0.999968134688756 0.038638145323927
-1.151526891595780 -3.842768981971723 0.264867393530967 0.473995725282648 0.015570634958161
-1.151526891595780 -3.842768981971723 -2.038186389660593 0.999968134688756 0.038638145323927
2.411868359775056 -0.279373730600887 -2.038186389660593 0.000000654116455 0.016117465542153
-2.411868359775056 -0.279373730600887 -2.038186389660593 0.000000654116455 0.016117465542153
2.411868359775056 -2.582427513792448 0.264867393530967 0.000413315203577 -0.005437390522561
-2.411868359775056 -2.582427513792448 0.264867393530967 0.000413315203577 -0.005437390522561
2.411868359775056 -2.582427513792448 -2.038186389660593 0.882380352303224 0.028299435223089
-2.411868359775056 -2.582427513792448 -2.038186389660593 0.882380352303224 0.028299435223089
1.392139135088561 -3.986499569131685 -0.886659498064813 0.990592286445872 0.028809584090776
-1.392139135088561 -3.986499569131685 -0.886659498064813 0.990592286445872 0.028809584090776
2.555598946935017 -2.823039757285229 -0.886659498064813 0.352825229913218 0.015553920402999
-2.555598946935017 -2.823039757285229 -0.886659498064813 0.352825229913218 0.015553920402999
1.392139135088561 -1.430900622196667 -3.442258444999831 0.848854827582884 0.041037659791942
-1.392139135088561 -1.430900622196667 -3.442258444999831 0.848854827582884 0.041037659791942
2.555598946935017 -1.430900622196667 -2.278798633153374 0.122682551215464 0.023506946270942
-2.555598946935017 -1.430900622196667 -2.278798633153374 0.122682551215464 0.023506946270942
0.000000000000000 -0.038761487108106 -3.442258444999831 0.004452603756753 0.049835093443813
0.000000000000000 -2.823039757285229 -3.442258444999831 0.999981175507196 0.046025588931954
0.000000000000000 -3.986499569131685 0.505479637023748 0.432952483992190 0.015314578890427
0.000000000000000 -3.986499569131685 -2.278798633153374 0.999998496476326 0.042023025919733
4.595813937113438 0.000000000000000 0.221664874516203 1.000000000000000 -0.015143155134168
-4.595813937113438 0.000000000000000 0.221664874516203 1.000000000000000 -0.015143155134168
0.000000000000000 4.595813937113438 0.221664874516203 0.574846389814016 0.014358958004724
0.000000000000000 -4.595813937113438 0.221664874516203 0.574846389814016 0.014358958004725
0.000000000000000 0.000000000000000 4.817478811629641 1.000000000000000 -0.036520521760777
0.000000000000000 0.000000000000000 -4.374149062597235 0.997719664151982 0.034963994124718
2.653394413737878 2.653394413737878 2.875059288254081 0.999999999674591 -0.023638818305937
2.653394413737878 2.653394413737878 -2.431729539221675 0.463969248083564 0.023642710572661
2.653394413737878 -2.653394413737878 2.875059288254081 0.999999999674591 -0.023638818305939
2.653394413737878 -2.653394413737878 -2.431729539221675 0.463969248083564 0.023642710572663
-2.653394413737878 2.653394413737878 2.875059288254081 0.999999999674591 -0.023638818305937
-2.653394413737878 2.653394413737878 -2.431729539221675 0.463969248083564 0.023642710572661
-2.653394413737878 -2.653394413737878 2.875059288254081 0.999999999674591 -0.023638818305939
-2.653394413737878 -2.653394413737878 -2.431729539221675 0.463969248083564 0.023642710572663
0.850757016894948 0.850757016894948 4.657195366010331 1.000000000000000 -0.035507614714067
0.850757016894948 0.850757016894948 -4.213865616977925 0.769380584851528 0.034887978904519
0.850757016894948 -0.850757016894948 4.657195366010331 1.000000000000000 -0.035507614714067
0.850757016894948 -0.850757016894948 -4.213865616977925 0.769380584851528 0.034887978904521
-0.850757016894948 0.850757016894948 4.657195366010331 1.000000000000000 -0.035507614714067
-0.850757016894948 0.850757016894948 -4.213865616977925 0.769380584851528 0.034887978904519
-0.850757016894948 -0.850757016894948 4.657195366010331 1.000000000000000 -0.035507614714067
-0.850757016894948 -0.850757016894948 -4.213865616977925 0.769380584851528 0.034887978904521
0.850757016894948 4.435530491494128 1.072421891411151 0.954716387850866 0.002396166874021
0.850757016894948 -4.435530491494128 1.072421891411151 0.954716387850866 0.002396166874021
0.850757016894948 4.435530491494128 -0.629092142378744 0.182989685175856 0.024305403980481
0.850757016894948 -4.435530491494128 -0.629092142378744 0.182989685175856 0.024305403980484
-0.850757016894948 4.435530491494128 1.072421891411151 0.954716387850866 0.002396166874021
-0.850757016894948 -4.435530491494128 1.072421891411151 0.954716387850866 0.002396166874021
-0.850757016894948 4.435530491494128 -0.629092142378744 0.182989685175856 0.024305403980481
-0.850757016894948 -4.435530491494128 -0.629092142378744 0.182989685175856 0.024305403980484
4.435530491494128 0.850757016894948 1.072421891411151 0.999999999999869 -0.020018925871668
-4.435530491494128 0.850757016894948 1.072421891411151 0.999999999999869 -0.020018925871668
4.435530491494128 0.850757016894948 -0.629092142378744 0.999999970456219 -0.007825615374494
-4.435530491494128 0.850757016894948 -0.629092142378744 0.999999970456219 -0.007825615374494
4.435530491494128 -0.850757016894948 1.072421891411151 0.999999999999869 -0.020018925871669
-4.435530491494128 -0.850757016894948 1.072421891411151 0.999999999999869 -0.020018925871669
4.435530491494128 -0.850757016894948 -0.629092142378744 0.999999970456219 -0.007825615374494
-4.435530491494128 -0.850757016894948 -0.629092142378744 0.999999970456219 -0.007825615374494
3.173046676631810 3.173046676631810 1.214164406202628 0.999877112600173 -0.011026254738561
3.173046676631810 3.173046676631810 -0.770834657170221 0.896521180277703 0.006978975162438
3.173046676631810 -3.173046676631810 1.214164406202628 0.999877112600173 -0.011026254738562
3.173046676631810 -3.173046676631810 -0.770834657170221 0.896521180277703 0.006978975162439
-3.173046676631810 3.173046676631810 1.214164406202628 0.999877112600173 -0.011026254738561
-3.173046676631810 3.173046676631810 -0.770834657170221 0.896521180277703 0.006978975162438
-3.173046676631810 -3.173046676631810 1.214164406202628 0.999877112600173 -0.011026254738562
-3.173046676631810 -3.173046676631810 -0.770834657170221 0.896521180277703 0.006978975162439
3.173046676631810 0.992499531686424 3.394711551148013 1.000000000000000 -0.031280188309614
3.173046676631810 -0.992499531686424 3.394711551148013 1.000000000000000 -0.031280188309614
3.173046676631810 0.992499531686424 -2.951381802115607 0.980750607629512 0.016570394605622
3.173046676631810 -0.992499531686424 -2.951381802115607 0.980750607629512 0.016570394605622
-3.173046676631810 0.992499531686424 3.394711551148013 1.000000000000000 -0.031280188309614
-3.173046676631810 -0.992499531686424 3.394711551148013 1.000000000000000 -0.031280188309614
-3.173046676631810 0.992499531686424 -2.951381802115607 0.980750607629512 0.016570394605622
-3.173046676631810 -0.992499531686424 -2.951381802115607 0.980750607629512 0.016570394605622
0.992499531686424 3.173046676631810 3.394711551148013 0.999999998887046 -0.023042386750926
-0.992499531686424 3.173046676631810 3.394711551148013 0.999999998887046 -0.023042386750926
0.992499531686424 3.173046676631810 -2.951381802115607 0.028013008849040 0.044135833090552
-0.992499531686424 3.173046676631810 -2.951381802115607 0.028013008849040 0.044135833090552
0.992499531686424 -3.173046676631810 3.394711551148013 0.999999998887046 -0.023042386750928
-0.992499531686424 -3.173046676631810 3.394711551148013 0.999999998887046 -0.023042386750928
0.992499531686424 -3.173046676631810 -2.951381802115607 0.028013008849040 0.044135833090555
-0.992499531686424 -3.173046676631810 -2.951381802115607 0.028013008849040 0.044135833090555
1.818515195039570 1.818515195039570 4.030537505018110 1.000000000000000 -0.031474938266378
1.818515195039570 1.818515195039570 -3.587207755985703 0.418843039670239 0.032744997760728
1.818515195039570 -1.818515195039570 4.030537505018110 1.000000000000000 -0.031474938266379
1.818515195039570 -1.818515195039570 -3.587207755985703 0.418843039670239 0.032744997760731
-1.818515195039570 1.818515195039570 4.030537505018110 1.000000000000000 -0.031474938266378
-1.818515195039570 1.818515195039570 -3.587207755985703 0.418843039670239 0.032744997760728
-1.818515195039570 -1.818515195039570 4.030537505018110 1.000000000000000 -0.031474938266379
-1.818515195039570 -1.818515195039570 -3.587207755985703 0.418843039670239 0.032744997760731
1.818515195039570 3.808872630501906 2.040180069555773 0.999907365444533 -0.011576158021821
1.818515195039570 -3.808872630501906 2.040180069555773 0.999907365444533 -0.011576158021823
1.818515195039570 3.808872630501906 -1.596850320523367 0.139547727443183 0.028829803720500
1.818515195039570 -3.808872630501906 -1.596850320523367 0.139547727443183 0.028829803720502
-1.818515195039570 3.808872630501906 2.040180069555773 0.999907365444533 -0.011576158021821
-1.818515195039570 -3.808872630501906 2.040180069555773 0.999907365444533 -0.011576158021823
-1.818515195039570 3.808872630501906 -1.596850320523367 0.139547727443183 0.028829803720500
-1.818515195039570 -3.808872630501906 -1.596850320523367 0.139547727443183 0.028829803720502
3.808872630501906 1.818515195039570 2.040180069555773 0.999999999955703 -0.023057436258289
-3.808872630501906 1.818515195039570 2.040180069555773 0.999999999955703 -0.023057436258289
3.808872630501906 1.818515195039570 -1.596850320523367 0.993180250073440 0.004913587199473
-3.808872630501906 1.818515195039570 -1.596850320523367 0.993180250073440 0.004913587199473
3.808872630501906 -1.818515195039570 2.040180069555773 0.999999999955703 -0.023057436258290
-3.808872630501906 -1.818515195039570 2.040180069555773 0.999999999955703 -0.023057436258290
3.808872630501906 -1.818515195039570 -1.596850320523367 0.993180250073440 0.004913587199474
-3.808872630501906 -1.818515195039570 -1.596850320523367 0.993180250073440 0.004913587199474
2.198495049698300 4.035854960354521 0.221664874516203 0.867919923014955 0.005993703990624
2.198495049698300 -4.035854960354521 0.221664874516203 0.867919923014955 0.005993703990624
-2.198495049698300 4.035854960354521 0.221664874516203 0.867919923014955 0.005993703990624
-2.198495049698300 -4.035854960354521 0.221664874516203 0.867919923014955 0.005993703990624
4.035854960354521 2.198495049698300 0.221664874516203 0.999970236931963 -0.009716272970770
4.035854960354521 -2.198495049698300 0.221664874516203 0.999970236931963 -0.009716272970771
-4.035854960354521 2.198495049698300 0.221664874516203 0.999970236931963 -0.009716272970771
-4.035854960354521 -2.198495049698300 0.221664874516203 0.999970236931963 -0.009716272970772
2.198495049698300 0.000000000000000 4.257519834870724 1.000000000000000 -0.035027544095797
2.198495049698300 0.000000000000000 -3.814190085838318 0.991060756420252 0.026039703458051
-2.198495049698300 0.000000000000000 4.257519834870724 1.000000000000000 -0.035027544095797
-2.198495049698300 0.000000000000000 -3.814190085838318 0.991060756420252 0.026039703458051
4.035854960354521 0.000000000000000 2.420159924214503 1.000000000000000 -0.028008603807355
4.035854960354521 0.000000000000000 -1.976830175182096 0.999997655805088 0.003548039484635
-4.035854960354521 0.000000000000000 2.420159924214503 1.000000000000000 -0.028008603807355
-4.035854960354521 0.000000000000000 -1.976830175182096 0.999997655805088 0.003548039484635
0.000000000000000 2.198495049698300 4.257519834870724 1.000000000000000 -0.030842983604187
0.000000000000000 2.198495049698300 -3.814190085838318 0.097874502351260 0.043259773835000
0.000000000000000 -2.198495049698300 4.257519834870724 1.000000000000000 -0.030842983604189
0.000000000000000 -2.198495049698300 -3.814190085838318 0.097874502351260 0.043259773835004
0.000000000000000 4.035854960354521 2.420159924214503 0.999932793176055 -0.011948596744258
0.000000000000000 4.035854960354521 -1.976830175182096 0.015033295903371 0.043061370342552
0.000000000000000 -4.035854960354521 2.420159924214503 0.999932793176055 -0.011948596744259
0.000000000000000 -4.035854960354521 -1.976830175182096 0.015033295903371 0.043061370342555
0.000000000000000 4.756818603002445 -0.886659498064813 0.996931122309580 0.023916300946135
0.000000000000000 1.430900622196667 -4.212577478870592 0.727119061676508 0.037608443773340
1.920219641520833 3.351120263717500 1.033560143456020 0.000057638685311 -0.006044518318466
1.920219641520833 3.351120263717500 -2.806879139585646 0.968202545151493 0.029897769429619
-1.920219641520833 3.351120263717500 1.033560143456020 0.000057638685311 -0.006044518318466
-1.920219641520833 3.351120263717500 -2.806879139585646 0.968202545151493 0.029897769429620
0.615679420121344 2.046580042318011 -4.096582880067143 0.925424207780460 0.036749203234022
0.615679420121344 0.815221202075324 -4.096582880067143 0.152113855774541 0.037738523789811
-0.615679420121344 2.046580042318011 -4.096582880067143 0.925424207780460 0.036749203234022
-0.615679420121344 0.815221202075324 -4.096582880067143 0.152113855774541 0.037738523789811
0.615679420121344 4.640824004198997 -0.270980077943469 0.765306979801313 0.018760151379698
0.615679420121344 4.640824004198997 -1.502338918186157 0.994608848923528 0.027359110464839
-0.615679420121344 4.640824004198997 -0.270980077943469 0.765306979801313 0.018760151379698
-0.615679420121344 4.640824004198997 -1.502338918186157 0.994608848923528 0.027359110464839
3.209923382002330 2.046580042318011 -0.270980077943469 0.000000449958709 -0.007407891468160
-3.209923382002330 2.046580042318011 -0.270980077943469 0.000000449958709 -0.007407891468160
3.209923382002330 2.046580042318011 -1.502338918186157 0.003427342916334 0.009511647221350
-3.209923382002330 2.046580042318011 -1.502338918186157 0.003427342916334 0.009511647221349
3.209923382002330 0.815221202075324 -1.502338918186157 0.000000011162539 0.001377946669640
-3.209923382002330 0.815221202075324 -1.502338918186157 0.000000011162539 0.001377946669640
2.296283779141442 3.727184401338109 -0.168403258028585 0.118348124066181 0.009856947106001
2.296283779141442 3.727184401338109 -1.604915738101041 0.808113760090300 0.022195449021152
-2.296283779141442 3.727184401338109 -0.168403258028585 0.118348124066181 0.009856947106001
-2.296283779141442 3.727184401338109 -1.604915738101041 0.808113760090300 0.022195449021152
2.296283779141442 2.149156862232896 -3.182943277206255 0.591334492380866 0.028428470371190
2.296283779141442 0.712644382160439 -3.182943277206255 0.005827174609909 0.026978202662994
-2.296283779141442 2.149156862232896 -3.182943277206255 0.591334492380866 0.028428470371190
-2.296283779141442 0.712644382160439 -3.182943277206255 0.005827174609909 0.026978202662994
0.718256240036228 3.727184401338109 1.409624281076629 0.000132955216175 -0.004112429087640
-0.718256240036228 3.727184401338109 1.409624281076629 0.000132955216175 -0.004112429087640
0.718256240036228 3.727184401338109 -3.182943277206255 0.998492570658855 0.034518929829137
-0.718256240036228 3.727184401338109 -3.182943277206255 0.998492570658855 0.034518929829137
1.316030733252321 2.746931355448988 -3.643080480664877 0.974417402076707 0.034413265649908
1.316030733252321 0.114869888944347 -3.643080480664877 0.000771572832944 0.036900851925788
-1.316030733252321 2.746931355448988 -3.643080480664877 0.974417402076707 0.034413265649908
-1.316030733252321 0.114869888944347 -3.643080480664877 0.000771572832944 0.036900851925788
1.316030733252321 4.187321604796732 0.429371235187508 0.113113732274346 0.009415434523681
1.316030733252321 4.187321604796732 -2.202690231317134 0.993987823136583 0.029600819319795
-1.316030733252321 4.187321604796732 0.429371235187508 0.113113732274346 0.009415434523681
-1.316030733252321 4.187321604796732 -2.202690231317134 0.993987823136583 0.029600819319795
2.756420982600064 2.746931355448988 0.429371235187508 0.000013714152955 -0.007789545968225
-2.756420982600064 2.746931355448988 0.429371235187508 0.000013714152955 -0.007789545968225
2.756420982600064 2.746931355448988 -2.202690231317134 0.473804636297877 0.021517877104585
-2.756420982600064 2.746931355448988 -2.202690231317134 0.473804636297877 0.021517877104585
2.756420982600064 0.114869888944347 -2.202690231317134 0.000000010891801 0.013512464237689
-2.756420982600064 0.114869888944347 -2.202690231317134 0.000000010891801 0.013512464237690
1.591016154386928 4.351585132979546 -0.886659498064813 0.842395000821217 0.020960802692161
-1.591016154386928 4.351585132979546 -0.886659498064813 0.842395000821217 0.020960802692161
2.920684510782878 3.021916776583595 -0.886659498064813 0.068188304902285 0.010316661756631
-2.920684510782878 3.021916776583595 -0.886659498064813 0.068188304902285 0.010316661756631
1.591016154386928 1.430900622196667 -3.807344008847691 0.419971629691913 0.033515807931292
-1.591016154386928 1.430900622196667 -3.807344008847691 0.419971629691913 0.033515807931292
2.920684510782878 1.430900622196667 -2.477675652451741 0.013752591489824 0.018459349322596
-2.920684510782878 1.430900622196667 -2.477675652451741 0.013752591489824 0.018459349322596
0.000000000000000 3.021916776583595 -3.807344008847691 0.995734036281451 0.036623213062027
0.000000000000000 -0.160115532190261 -3.807344008847691 0.000076646978337 0.043197233971492
0.000000000000000 4.351585132979546 0.704356656322115 0.097002812846124 0.009031847515528
0.000000000000000 4.351585132979546 -2.477675652451741 0.999139287888714 0.032453418759292
0.000000000000000 -4.756818603002445 -0.886659498064813 0.996931122309580 0.023916300946139
0.000000000000000 -1.430900622196667 -4.212577478870592 0.727119061676508 0.037608443773343
1.920219641520833 -3.351120263717500 1.033560143456020 0.000057638685311 -0.006044518318465
1.920219641520833 -3.351120263717500 -2.806879139585646 0.968202545151493 0.029897769429622
-1.920219641520833 -3.351120263717500 1.033560143456020 0.000057638685311 -0.006044518318465
-1.920219641520833 -3.351120263717500 -2.806879139585646 0.968202545151493 0.029897769429622
0.615679420121344 -0.815221202075324 -4.096582880067143 0.152113855774541 0.037738523789813
0.615679420121344 -2.046580042318011 -4.096582880067143 0.925424207780460 0.036749203234026
-0.615679420121344 -0.815221202075324 -4.096582880067143 0.152113855774541 0.037738523789813
-0.615679420121344 -2.046580042318011 -4.096582880067143 0.925424207780460 0.036749203234026
0.615679420121344 -4.640824004198997 -0.270980077943469 0.765306979801313 0.018760151379701
0.615679420121344 -4.640824004198997 -1.502338918186157 0.994608848923528 0.027359110464842
-0.615679420121344 -4.640824004198997 -0.270980077943469 0.765306979801313 0.018760151379701
-0.615679420121344 -4.640824004198997 -1.502338918186157 0.994608848923528 0.027359110464842
3.209923382002330 -0.815221202075324 -1.502338918186157 0.000000011162539 0.001377946669641
-3.209923382002330 -0.815221202075324 -1.502338918186157 0.000000011162539 0.001377946669641
3.209923382002330 -2.046580042318011 -0.270980077943469 0.000000449958709 -0.007407891468160
-3.209923382002330 -2.046580042318011 -0.270980077943469 0.000000449958709 -0.007407891468160
3.209923382002330 -2.046580042318011 -1.502338918186157 0.003427342916334 0.009511647221351
-3.209923382002330 -2.046580042318011 -1.502338918186157 0.003427342916334 0.009511647221351
2.296283779141442 -3.727184401338109 -0.168403258028585 0.118348124066181 0.009856947106003
2.296283779141442 -3.727184401338109 -1.604915738101041 0.808113760090300 0.022195449021154
-2.296283779141442 -3.727184401338109 -0.168403258028585 0.118348124066181 0.009856947106003
-2.296283779141442 -3.727184401338109 -1.604915738101041 0.808113760090300 0.022195449021154
2.296283779141442 -0.712644382160439 -3.182943277206255 0.005827174609909 0.026978202662996
2.296283779141442 -2.149156862232896 -3.182943277206255 0.591334492380866 0.028428470371194
-2.296283779141442 -0.712644382160439 -3.182943277206255 0.005827174609909 0.026978202662996
-2.296283779141442 -2.149156862232896 -3.182943277206255 0.591334492380866 0.028428470371194
0.718256240036228 -3.727184401338109 1.409624281076629 0.000132955216175 -0.004112429087639
-0.718256240036228 -3.727184401338109 1.409624281076629 0.000132955216175 -0.004112429087639
0.718256240036228 -3.727184401338109 -3.182943277206255 0.998492570658855 0.034518929829141
-0.718256240036228 -3.727184401338109 -3.182943277206255 0.998492570658855 0.034518929829141
1.316030733252321 -0.114869888944347 -3.643080480664877 0.000771572832944 0.036900851925788
1.316030733252321 -2.746931355448988 -3.643080480664877 0.974417402076707 0.034413265649911
-1.316030733252321 -0.114869888944347 -3.643080480664877 0.000771572832944 0.036900851925788
-1.316030733252321 -2.746931355448988 -3.643080480664877 0.974417402076707 0.034413265649911
1.316030733252321 -4.187321604796732 0.429371235187508 0.113113732274346 0.009415434523682
1.316030733252321 -4.187321604796732 -2.202690231317134 0.993987823136583 0.029600819319798
-1.316030733252321 -4.187321604796732 0.429371235187508 0.113113732274346 0.009415434523682
-1.316030733252321 -4.187321604796732 -2.202690231317134 0.993987823136583 0.029600819319798
2.756420982600064 -0.114869888944347 -2.202690231317134 0.000000010891801 0.013512464237689
-2.756420982600064 -0.114869888944347 -2.202690231317134 0.000000010891801 0.013512464237689
2.756420982600064 -2.746931355448988 0.429371235187508 0.000013714152955 -0.007789545968225
-2.756420982600064 -2.746931355448988 0.429371235187508 0.000013714152955 -0.007789545968225
2.756420982600064 -2.746931355448988 -2.202690231317134 0.473804636297877 0.021517877104588
-2.756420982600064 -2.746931355448988 -2.202690231317134 0.473804636297877 0.021517877104588
1.591016154386928 -4.351585132979546 -0.886659498064813 0.842395000821217 0.020960802692164
-1.591016154386928 -4.351585132979546 -0.886659498064813 0.842395000821217 0.020960802692164
2.920684510782878 -3.021916776583595 -0.886659498064813 0.068188304902285 0.010316661756632
-2.920684510782878 -3.021916776583595 -0.886659498064813 0.068188304902285 0.010316661756632
1.591016154386928 -1.430900622196667 -3.807344008847691 0.419971629691913 0.033515807931295
-1.591016154386928 -1.430900622196667 -3.807344008847691 0.419971629691913 0.033515807931295
2.920684510782878 -1.430900622196667 -2.477675652451741 0.013752591489824 0.018459349322599
-2.920684510782878 -1.430900622196667 -2.477675652451741 0.013752591489824 0.018459349322599
0.000000000000000 0.160115532190261 -3.807344008847691 0.000076646978337 0.043197233971492
0.000000000000000 -3.021916776583595 -3.807344008847691 0.995734036281451 0.036623213062032
0.000000000000000 -4.351585132979546 0.704356656322115 0.097002812846124 0.009031847515530
0.000000000000000 -4.351585132979546 -2.477675652451741 0.999139287888714 0.032453418759295
5.170290679252618 0.000000000000000 0.221664874516203 1.000000000000000 -0.010821083958190
-5.170290679252618 0.000000000000000 0.221664874516203 1.000000000000000 -0.010821083958190
0.000000000000000 5.170290679252618 0.221664874516203 0.833700620588562 0.010097860937160
0.000000000000000 -5.170290679252618 0.221664874516203 0.833700620588562 0.010097860937161
0.000000000000000 0.000000000000000 5.391955553768821 1.000000000000000 -0.029284982794988
0.000000000000000 0.000000000000000 -4.948625804736415 0.999445829099663 0.028658098922994
2.985068715455113 2.985068715455113 3.206733589971316 0.999999998674962 -0.018648124033893
2.985068715455113 2.985068715455113 -2.763403840938909 0.665227956538302 0.018540958470703
2.985068715455113 -2.985068715455113 3.206733589971316 0.999999998674962 -0.018648124033895
2.985068715455113 -2.985068715455113 -2.763403840938909 0.665227956538302 0.018540958470705
-2.985068715455113 2.985068715455113 3.206733589971316 0.999999998674962 -0.018648124033893
-2.985068715455113 2.985068715455113 -2.763403840938909 0.665227956538302 0.018540958470703
-2.985068715455113 -2.985068715455113 3.206733589971316 0.999999998674962 -0.018648124033895
-2.985068715455113 -2.985068715455113 -2.763403840938909 0.665227956538302 0.018540958470705
0.957101644006816 0.957101644006816 5.211636677447097 1.000000000000000 -0.028448827194797
0.957101644006816 0.957101644006816 -4.768306928414691 0.882150124322378 0.028320984015376
0.957101644006816 -0.957101644006816 5.211636677447097 1.000000000000000 -0.028448827194798
0.957101644006816 -0.957101644006816 -4.768306928414691 0.882150124322378 0.028320984015377
-0.957101644006816 0.957101644006816 5.211636677447097 1.000000000000000 -0.028448827194797
-0.957101644006816 0.957101644006816 -4.768306928414691 0.882150124322378 0.028320984015376
-0.957101644006816 -0.957101644006816 5.211636677447097 1.000000000000000 -0.028448827194798
-0.957101644006816 -0.957101644006816 -4.768306928414691 0.882150124322378 0.028320984015377
0.957101644006816 4.989971802930894 1.178766518523019 0.978113681180172 0.001321616360416
0.957101644006816 -4.989971802930894 1.178766518523019 0.978113681180172 0.001321616360415
0.957101644006816 4.989971802930894 -0.735436769490613 0.412412231725865 0.017250351066406
0.957101644006816 -4.989971802930894 -0.735436769490613 0.412412231725865 0.017250351066407
-0.957101644006816 4.989971802930894 1.178766518523019 0.978113681180172 0.001321616360416
-0.957101644006816 -4.989971802930894 1.178766518523019 0.978113681180172 0.001321616360415
-0.957101644006816 4.989971802930894 -0.735436769490613 0.412412231725865 0.017250351066406
-0.957101644006816 -4.989971802930894 -0.735436769490613 0.412412231725865 0.017250351066407
4.989971802930894 0.957101644006816 1.178766518523019 0.999999999998803 -0.014914610312556
-4.989971802930894 0.957101644006816 1.178766518523019 0.999999999998803 -0.014914610312556
4.989971802930894 0.957101644006816 -0.735436769490613 0.999999945954648 -0.004908556214099
-4.989971802930894 0.957101644006816 -0.735436769490613 0.999999945954648 -0.004908556214100
4.989971802930894 -0.957101644006816 1.178766518523019 0.999999999998803 -0.014914610312556
-4.989971802930894 -0.957101644006816 1.178766518523019 0.999999999998803 -0.014914610312557
4.989971802930894 -0.957101644006816 -0.735436769490613 0.999999945954648 -0.004908556214100
-4.989971802930894 -0.957101644006816 -0.735436769490613 0.999999945954648 -0.004908556214100
3.569677511210787 3.569677511210787 1.338226847663431 0.999894646114012 -0.008366718746932
3.569677511210787 3.569677511210787 -0.894897098631024 0.944282365194213 0.005806399155641
3.569677511210787 -3.569677511210787 1.338226847663431 0.999894646114012 -0.008366718746934
3.569677511210787 -3.569677511210787 -0.894897098631024 0.944282365194213 0.005806399155642
-3.569677511210787 3.569677511210787 1.338226847663431 0.999894646114012 -0.008366718746932
-3.569677511210787 3.569677511210787 -0.894897098631024 0.944282365194213 0.005806399155642
-3.569677511210787 -3.569677511210787 1.338226847663431 0.999894646114012 -0.008366718746934
-3.569677511210787 -3.569677511210787 -0.894897098631024 0.944282365194213 0.005806399155642
3.569677511210787 1.116561973147228 3.791342385726990 1.000000000000000 -0.024581397987616
3.569677511210787 -1.116561973147228 3.791342385726990 1.000000000000000 -0.024581397987617
3.569677511210787 1.116561973147228 -3.348012636694583 0.989195332965117 0.014377222350279
3.569677511210787 -1.116561973147228 -3.348012636694583 0.989195332965117 0.014377222350279
-3.569677511210787 1.116561973147228 3.791342385726990 1.000000000000000 -0.024581397987616
-3.569677511210787 -1.116561973147228 3.791342385726990 1.000000000000000 -0.024581397987617
-3.569677511210787 1.116561973147228 -3.348012636694583 0.989195332965117 0.014377222350279
-3.569677511210787 -1.116561973147228 -3.348012636694583 0.989195332965117 0.014377222350279
1.116561973147228 3.569677511210787 3.791342385726990 0.999999996076634 -0.018545118078686
-1.116561973147228 3.569677511210787 3.791342385726990 0.999999996076634 -0.018545118078686
1.116561973147228 3.569677511210787 -3.348012636694583 0.131601873787649 0.031998595518198
-1.116561973147228 3.569677511210787 -3.348012636694583 0.131601873787649 0.031998595518198
1.116561973147228 -3.569677511210787 3.791342385726990 0.999999996076634 -0.018545118078689
-1.116561973147228 -3.569677511210787 3.791342385726990 0.999999996076634 -0.018545118078689
1.116561973147228 -3.569677511210787 -3.348012636694583 0.131601873787649 0.031998595518201
-1.116561973147228 -3.569677511210787 -3.348012636694583 0.131601873787649 0.031998595518201
2.045829594419516 2.045829594419516 4.506646583830848 0.999999999999999 -0.025116519076798
2.045829594419516 2.045829594419516 -4.063316834798441 0.630770317840765 0.025923110988967
2.045829594419516 -2.045829594419516 4.506646583830848 0.999999999999999 -0.025116519076799
2.045829594419516 -2.045829594419516 -4.063316834798441 0.630770317840765 0.025923110988969
-2.045829594419516 2.045829594419516 4.506646583830848 0.999999999999999 -0.025116519076798
-2.045829594419516 2.045829594419516 -4.063316834798441 0.630770317840765 0.025923110988967
-2.045829594419516 -2.045829594419516 4.506646583830848 0.999999999999999 -0.025116519076799
-2.045829594419516 -2.045829594419516 -4.063316834798441 0.630770317840765 0.025923110988969
2.045829594419516 4.284981709314645 2.267494468935719 0.999920805127297 -0.009295390974642
2.045829594419516 -4.284981709314645 2.267494468935719 0.999920805127297 -0.009295390974645
2.045829594419516 4.284981709314645 -1.824164719903313 0.339653748695594 0.020987440406537
2.045829594419516 -4.284981709314645 -1.824164719903313 0.339653748695594 0.020987440406539
-2.045829594419516 4.284981709314645 2.267494468935719 0.999920805127297 -0.009295390974642
-2.045829594419516 -4.284981709314645 2.267494468935719 0.999920805127297 -0.009295390974645
-2.045829594419516 4.284981709314645 -1.824164719903313 0.339653748695594 0.020987440406537
-2.045829594419516 -4.284981709314645 -1.824164719903313 0.339653748695594 0.020987440406539
4.284981709314645 2.045829594419516 2.267494468935719 0.999999999770685 -0.017714350322206
-4.284981709314645 2.045829594419516 2.267494468935719 0.999999999770685 -0.017714350322206
4.284981709314645 2.045829594419516 -1.824164719903313 0.996027713762941 0.004987599085801
-4.284981709314645 2.045829594419516 -1.824164719903313 0.996027713762941 0.004987599085801
4.284981709314645 -2.045829594419516 2.267494468935719 0.999999999770685 -0.017714350322208
-4.284981709314645 -2.045829594419516 2.267494468935719 0.999999999770685 -0.017714350322208
4.284981709314645 -2.045829594419516 -1.824164719903313 0.996027713762941 0.004987599085802
-4.284981709314645 -2.045829594419516 -1.824164719903313 0.996027713762941 0.004987599085802
2.473306930910587 4.540336830398837 0.221664874516203 0.929440741088452 0.004405247686956
2.473306930910587 -4.540336830398837 0.221664874516203 0.929440741088452 0.004405247686956
-2.473306930910587 4.540336830398837 0.221664874516203 0.929440741088452 0.004405247686956
-2.473306930910587 -4.540336830398837 0.221664874516203 0.929440741088452 0.004405247686956
4.540336830398837 2.473306930910587 0.221664874516203 0.999970967927926 -0.006801850957704
4.540336830398837 -2.473306930910587 0.221664874516203 0.999970967927926 -0.006801850957706
-4.540336830398837 2.473306930910587 0.221664874516203 0.999970967927926 -0.006801850957704
-4.540336830398837 -2.473306930910587 0.221664874516203 0.999970967927926 -0.006801850957706
2.473306930910587 0.000000000000000 4.762001704915040 1.000000000000000 -0.027849776364302
2.473306930910587 0.000000000000000 -4.318671955882634 0.994591803117088 0.021886402414543
-2.473306930910587 0.000000000000000 4.762001704915040 1.000000000000000 -0.027849776364302
-2.473306930910587 0.000000000000000 -4.318671955882634 0.994591803117088 0.021886402414543
4.540336830398837 0.000000000000000 2.694971805426790 1.000000000000000 -0.021599095389853
4.540336830398837 0.000000000000000 -2.251642056394384 0.999996675677917 0.004297877036244
-4.540336830398837 0.000000000000000 2.694971805426790 1.000000000000000 -0.021599095389853
-4.540336830398837 0.000000000000000 -2.251642056394384 0.999996675677917 0.004297877036244
0.000000000000000 2.473306930910587 4.762001704915040 0.999999999999993 -0.024800925095280
0.000000000000000 2.473306930910587 -4.318671955882634 0.276036162943065 0.032850789420361
0.000000000000000 -2.473306930910587 4.762001704915040 0.999999999999993 -0.024800925095282
0.000000000000000 -2.473306930910587 -4.318671955882634 0.276036162943065 0.032850789420364
0.000000000000000 4.540336830398837 2.694971805426790 0.999939988360196 -0.009816413363263
0.000000000000000 4.540336830398837 -2.251642056394384 0.092064604647115 0.030096849053122
0.000000000000000 -4.540336830398837 2.694971805426790 0.999939988360196 -0.009816413363265
0.000000000000000 -4.540336830398837 -2.251642056394384 0.092064604647115 0.030096849053125
0.000000000000000 5.172558350603168 -0.886659498064813 0.843927526256201 0.018200543525838
0.000000000000000 1.430900622196667 -4.628317226471314 0.168606870822338 0.031661884502087
2.160247096710937 3.591147718907604 1.273587598646124 0.000003638728645 -0.007497251378882
2.160247096710937 3.591147718907604 -3.046906594775750 0.777204827955517 0.024008649254092
-2.160247096710937 3.591147718907604 1.273587598646124 0.000003638728645 -0.007497251378882
-2.160247096710937 3.591147718907604 -3.046906594775750 0.777204827955517 0.024008649254092
0.692639347636512 2.123539969833179 -4.497823302817435 0.615838659674257 0.030560352122245
0.692639347636512 0.738261274560156 -4.497823302817435 0.023793499084717 0.032202477022238
-0.692639347636512 2.123539969833179 -4.497823302817435 0.615838659674257 0.030560352122245
-0.692639347636512 0.738261274560156 -4.497823302817435 0.023793499084717 0.032202477022238
0.692639347636512 5.042064426949288 -0.194020150428301 0.356200771765796 0.013684110487340
0.692639347636512 5.042064426949288 -1.579298845701325 0.906072727423239 0.021282360066801
-0.692639347636512 5.042064426949288 -0.194020150428301 0.356200771765796 0.013684110487340
-0.692639347636512 5.042064426949288 -1.579298845701325 0.906072727423239 0.021282360066801
3.611163804752621 2.123539969833179 -0.194020150428301 0.000000015255001 -0.007461498370157
-3.611163804752621 2.123539969833179 -0.194020150428301 0.000000015255001 -0.007461498370157
3.611163804752621 2.123539969833179 -1.579298845701325 0.000216274412297 0.007052232463763
-3.611163804752621 2.123539969833179 -1.579298845701325 0.000216274412297 0.007052232463763
2.583319251534122 4.014219873730790 -0.078621228024056 0.021213990567834 0.006316115449896
2.583319251534122 4.014219873730790 -1.694697768105570 0.445048917848316 0.017134294440938
-2.583319251534122 4.014219873730790 -0.078621228024056 0.021213990567834 0.006316115449896
-2.583319251534122 4.014219873730790 -1.694697768105570 0.445048917848316 0.017134294440937
2.583319251534122 2.238938892237424 -3.469978749598935 0.233289909501183 0.023301946181547
2.583319251534122 0.622862352155910 -3.469978749598935 0.000555766904498 0.023018587711487
-2.583319251534122 2.238938892237424 -3.469978749598935 0.233289909501183 0.023301946181547
-2.583319251534122 0.622862352155910 -3.469978749598935 0.000555766904498 0.023018587711487
0.808038270040757 4.014219873730790 1.696659753469309 0.000009065994589 -0.006213482314881
-0.808038270040757 4.014219873730790 1.696659753469309 0.000009065994589 -0.006213482314881
0.808038270040757 4.014219873730790 -3.469978749598935 0.963825275301576 0.027881282322808
-0.808038270040757 4.014219873730790 -3.469978749598935 0.963825275301576 0.027881282322808
1.480534574908861 2.911435197105528 -3.987633103489886 0.799778559509028 0.028192072165720
1.480534574908861 -0.049633952712193 -3.987633103489886 0.000033347088750 0.032070434618735
-1.480534574908861 2.911435197105528 -3.987633103489886 0.799778559509028 0.028192072165720
-1.480534574908861 -0.049633952712193 -3.987633103489886 0.000033347088750 0.032070434618735
1.480534574908861 4.531874227621740 0.593875076844048 0.019185620391073 0.005620432706025
1.480534574908861 4.531874227621740 -2.367194072973674 0.913000516994896 0.023419877959631
-1.480534574908861 4.531874227621740 0.593875076844048 0.019185620391073 0.005620432706025
-1.480534574908861 4.531874227621740 -2.367194072973674 0.913000516994896 0.023419877959631
3.100973605425072 2.911435197105528 0.593875076844048 0.000000778334221 -0.008417552084595
-3.100973605425072 2.911435197105528 0.593875076844048 0.000000778334221 -0.008417552084595
3.100973605425072 2.911435197105528 -2.367194072973674 0.154296434973542 0.017007140148208
-3.100973605425072 2.911435197105528 -2.367194072973674 0.154296434973542 0.017007140148208
1.789893173685294 4.716670696827405 -0.886659498064813 0.489180543146636 0.015771275357235
-1.789893173685294 4.716670696827405 -0.886659498064813 0.489180543146636 0.015771275357235
3.285770074630737 3.220793795881961 -0.886659498064813 0.010103252841135 0.007139775264045
-3.285770074630737 3.220793795881961 -0.886659498064813 0.010103252841135 0.007139775264045
1.789893173685294 1.430900622196667 -4.172429572695551 0.127414915886742 0.028123138923373
-1.789893173685294 1.430900622196667 -4.172429572695551 0.127414915886742 0.028123138923373
3.285770074630737 1.430900622196667 -2.676552671750107 0.001448241709735 0.015155526202385
-3.285770074630737 1.430900622196667 -2.676552671750107 0.001448241709735 0.015155526202385
0.000000000000000 3.220793795881961 -4.172429572695551 0.929794071705287 0.029989632389382
0.000000000000000 -0.358992551488626 -4.172429572695551 0.000001721930399 0.037739788314880
0.000000000000000 4.716670696827405 0.903233675620481 0.015880072787250 0.005151548542695
0.000000000000000 4.716670696827405 -2.676552671750107 0.973843407924216 0.025853176518277
0.000000000000000 -5.172558350603168 -0.886659498064813 0.843927526256201 0.018200543525840
0.000000000000000 -1.430900622196667 -4.628317226471314 0.168606870822338 0.031661884502089
2.160247096710937 -3.591147718907604 1.273587598646124 0.000003638728645 -0.007497251378882
2.160247096710937 -3.591147718907604 -3.046906594775750 0.777204827955517 0.024008649254095
-2.160247096710937 -3.591147718907604 1.273587598646124 0.000003638728645 -0.007497251378882
-2.160247096710937 -3.591147718907604 -3.046906594775750 0.777204827955517 0.024008649254095
0.692639347636512 -0.738261274560156 -4.497823302817435 0.023793499084717 0.032202477022240
0.692639347636512 -2.123539969833179 -4.497823302817435 0.615838659674257 0.030560352122248
-0.692639347636512 -0.738261274560156 -4.497823302817435 0.023793499084717 0.032202477022240
-0.692639347636512 -2.123539969833179 -4.497823302817435 0.615838659674257 0.030560352122248
0.692639347636512 -5.042064426949288 -0.194020150428301 0.356200771765796 0.013684110487341
0.692639347636512 -5.042064426949288 -1.579298845701325 0.906072727423239 0.021282360066804
-0.692639347636512 -5.042064426949288 -0.194020150428301 0.356200771765796 0.013684110487341
-0.692639347636512 -5.042064426949288 -1.579298845701325 0.906072727423239 0.021282360066804
3.611163804752621 -2.123539969833179 -0.194020150428301 0.000000015255001 -0.007461498370156
-3.611163804752621 -2.123539969833179 -0.194020150428301 0.000000015255001 -0.007461498370156
3.611163804752621 -2.123539969833179 -1.579298845701325 0.000216274412297 0.007052232463764
-3.611163804752621 -2.123539969833179 -1.579298845701325 0.000216274412297 0.007052232463764
2.583319251534122 -4.014219873730790 -0.078621228024056 0.021213990567834 0.006316115449897
2.583319251534122 -4.014219873730790 -1.694697768105570 0.445048917848316 0.017134294440939
-2.583319251534122 -4.014219873730790 -0.078621228024056 0.021213990567834 0.006316115449897
-2.583319251534122 -4.014219873730790 -1.694697768105570 0.445048917848316 0.017134294440939
2.583319251534122 -0.622862352155910 -3.469978749598935 0.000555766904498 0.023018587711489
2.583319251534122 -2.238938892237424 -3.469978749598935 0.233289909501183 0.023301946181550
-2.583319251534122 -0.622862352155910 -3.469978749598935 0.000555766904498 0.023018587711489
-2.583319251534122 -2.238938892237424 -3.469978749598935 0.233289909501183 0.023301946181550
0.808038270040757 -4.014219873730790 1.696659753469309 0.000009065994589 -0.006213482314881
-0.808038270040757 -4.014219873730790 1.696659753469309 0.000009065994589 -0.006213482314881
0.808038270040757 -4.014219873730790 -3.469978749598935 0.963825275301576 0.027881282322812
-0.808038270040757 -4.014219873730790 -3.469978749598935 0.963825275301576 0.027881282322812
1.480534574908861 0.049633952712193 -3.987633103489886 0.000033347088750 0.032070434618735
1.480534574908861 -2.911435197105528 -3.987633103489886 0.799778559509028 0.028192072165723
-1.480534574908861 0.049633952712193 -3.987633103489886 0.000033347088750 0.032070434618734
-1.480534574908861 -2.911435197105528 -3.987633103489886 0.799778559509028 0.028192072165723
1.480534574908861 -4.531874227621740 0.593875076844048 0.019185620391073 0.005620432706025
1.480534574908861 -4.531874227621740 -2.367194072973674 0.913000516994896 0.023419877959635
-1.480534574908861 -4.531874227621740 0.593875076844048 0.019185620391073 0.005620432706025
-1.480534574908861 -4.531874227621740 -2.367194072973674 0.913000516994896 0.023419877959635
3.100973605425072 -2.911435197105528 0.593875076844048 0.000000778334221 -0.008417552084594
-3.100973605425072 -2.911435197105528 0.593875076844048 0.000000778334221 -0.008417552084595
3.100973605425072 -2.911435197105528 -2.367194072973674 0.154296434973542 0.017007140148209
-3.100973605425072 -2.911435197105528 -2.367194072973674 0.154296434973542 0.017007140148209
1.789893173685294 -4.716670696827405 -0.886659498064813 0.489180543146636 0.015771275357236
-1.789893173685294 -4.716670696827405 -0.886659498064813 0.489180543146636 0.015771275357236
3.285770074630737 -3.220793795881961 -0.886659498064813 0.010103252841135 0.007139775264046
-3.285770074630737 -3.220793795881961 -0.886659498064813 0.010103252841135 0.007139775264045
1.789893173685294 -1.430900622196667 -4.172429572695551 0.127414915886742 0.028123138923376
-1.789893173685294 -1.430900622196667 -4.172429572695551 0.127414915886742 0.028123138923375
3.285770074630737 -1.430900622196667 -2.676552671750107 0.001448241709735 0.015155526202386
-3.285770074630737 -1.430900622196667 -2.676552671750107 0.001448241709735 0.015155526202387
0.000000000000000 0.358992551488626 -4.172429572695551 0.000001721930399 0.037739788314878
0.000000000000000 -3.220793795881961 -4.172429572695551 0.929794071705287 0.029989632389386
0.000000000000000 -4.716670696827405 0.903233675620481 0.015880072787250 0.005151548542696
0.000000000000000 -4.716670696827405 -2.676552671750107 0.973843407924216 0.025853176518280
5.744767421391797 0.000000000000000 0.221664874516203 1.000000000000000 -0.008013358315714
-5.744767421391797 0.000000000000000 0.221664874516203 1.000000000000000 -0.008013358315714
0.000000000000000 5.744767421391797 0.221664874516203 0.948592776788298 0.007389157932455
0.000000000000000 -5.744767421391797 0.221664874516203 0.948592776788298 0.007389157932454
0.000000000000000 0.000000000000000 5.966432295908001 1.000000000000000 -0.023998950327606
0.000000000000000 0.000000000000000 -5.523102546875594 0.999867667768043 0.023794361864640
3.316743017172347 3.316743017172347 3.538407891688550 0.999999996611358 -0.015092550530003
3.316743017172347 3.316743017172347 -3.095078142656144 0.806027844739953 0.014958428896825
3.316743017172347 -3.316743017172347 3.538407891688550 0.999999996611358 -0.015092550530005
3.316743017172347 -3.316743017172347 -3.095078142656144 0.806027844739953 0.014958428896827
-3.316743017172347 3.316743017172347 3.538407891688550 0.999999996611358 -0.015092550530003
-3.316743017172347 3.316743017172347 -3.095078142656144 0.806027844739953 0.014958428896825
-3.316743017172347 -3.316743017172347 3.538407891688550 0.999999996611358 -0.015092550530005
-3.316743017172347 -3.316743017172347 -3.095078142656144 0.806027844739953 0.014958428896827
1.063446271118685 1.063446271118685 5.766077988883863 1.000000000000000 -0.023297903685270
1.063446271118685 1.063446271118685 -5.322748239851457 0.942244575890557 0.023367952736855
1.063446271118685 -1.063446271118685 5.766077988883863 1.000000000000000 -0.023297903685271
1.063446271118685 -1.063446271118685 -5.322748239851457 0.942244575890557 0.023367952736857
-1.063446271118685 1.063446271118685 5.766077988883863 1.000000000000000 -0.023297903685270
-1.063446271118685 1.063446271118685 -5.322748239851457 0.942244575890557 0.023367952736855
-1.063446271118685 -1.063446271118685 5.766077988883863 1.000000000000000 -0.023297903685271
-1.063446271118685 -1.063446271118685 -5.322748239851457 0.942244575890557 0.023367952736857
1.063446271118685 5.544413114367660 1.285111145634888 0.989471665117507 0.000661446061116
1.063446271118685 -5.544413114367660 1.285111145634888 0.989471665117507 0.000661446061115
1.063446271118685 5.544413114367660 -0.841781396602481 0.634579206099704 0.012829844408639
1.063446271118685 -5.544413114367660 -0.841781396602481 0.634579206099704 0.012829844408640
-1.063446271118685 5.544413114367660 1.285111145634888 0.989471665117507 0.000661446061116
-1.063446271118685 -5.544413114367660 1.285111145634888 0.989471665117507 0.000661446061115
-1.063446271118685 5.544413114367660 -0.841781396602481 0.634579206099704 0.012829844408639
-1.063446271118685 -5.544413114367660 -0.841781396602481 0.634579206099704 0.012829844408640
5.544413114367660 1.063446271118685 1.285111145634888 0.999999999994489 -0.011485849835409
-5.544413114367660 1.063446271118685 1.285111145634888 0.999999999994489 -0.011485849835409
5.544413114367660 1.063446271118685 -0.841781396602481 0.999999926290885 -0.003150772379172
-5.544413114367660 1.063446271118685 -0.841781396602481 0.999999926290885 -0.003150772379172
5.544413114367660 -1.063446271118685 1.285111145634888 0.999999999994489 -0.011485849835410
-5.544413114367660 -1.063446271118685 1.285111145634888 0.999999999994489 -0.011485849835410
5.544413114367660 -1.063446271118685 -0.841781396602481 0.999999926290885 -0.003150772379173
-5.544413114367660 -1.063446271118685 -0.841781396602481 0.999999926290885 -0.003150772379173
3.966308345789762 3.966308345789762 1.462289289124234 0.999917276741606 -0.006579785301102
3.966308345789762 3.966308345789762 -1.018959540091827 0.970200186675780 0.004870943842074
3.966308345789762 -3.966308345789762 1.462289289124234 0.999917276741606 -0.006579785301104
3.966308345789762 -3.966308345789762 -1.018959540091827 0.970200186675780 0.004870943842074
-3.966308345789762 3.966308345789762 1.462289289124234 0.999917276741606 -0.006579785301102
-3.966308345789762 3.966308345789762 -1.018959540091827 0.970200186675780 0.004870943842074
-3.966308345789762 -3.966308345789762 1.462289289124234 0.999917276741606 -0.006579785301104
-3.966308345789762 -3.966308345789762 -1.018959540091827 0.970200186675780 0.004870943842074
3.966308345789762 1.240624414608031 4.187973220305966 0.999999999999997 -0.019818274536371
3.966308345789762 -1.240624414608031 4.187973220305966 0.999999999999997 -0.019818274536373
3.966308345789762 1.240624414608031 -3.744643471273559 0.993943151119245 0.012436725674490
3.966308345789762 -1.240624414608031 -3.744643471273559 0.993943151119245 0.012436725674491
-3.966308345789762 1.240624414608031 4.187973220305966 0.999999999999997 -0.019818274536371
-3.966308345789762 -1.240624414608031 4.187973220305966 0.999999999999997 -0.019818274536373
-3.966308345789762 1.240624414608031 -3.744643471273559 0.993943151119245 0.012436725674490
-3.966308345789762 -1.240624414608031 -3.744643471273559 0.993943151119245 0.012436725674491
1.240624414608031 3.966308345789762 4.187973220305966 0.999999990986936 -0.015252420291429
-1.240624414608031 3.966308345789762 4.187973220305966 0.999999990986936 -0.015252420291429
1.240624414608031 3.966308345789762 -3.744643471273559 0.315776680929844 0.024390295790955
-1.240624414608031 3.966308345789762 -3.744643471273559 0.315776680929844 0.024390295790955
1.240624414608031 -3.966308345789762 4.187973220305966 0.999999990986936 -0.015252420291431
-1.240624414608031 -3.966308345789762 4.187973220305966 0.999999990986936 -0.015252420291431
1.240624414608031 -3.966308345789762 -3.744643471273559 0.315776680929844 0.024390295790957
-1.240624414608031 -3.966308345789762 -3.744643471273559 0.315776680929844 0.024390295790958
2.273143993799462 2.273143993799462 4.982755662643586 0.999999999999987 -0.020503976518869
2.273143993799462 2.273143993799462 -4.539425913611180 0.784431827723828 0.021042529130693
2.273143993799462 -2.273143993799462 4.982755662643586 0.999999999999987 -0.020503976518871
2.273143993799462 -2.273143993799462 -4.539425913611180 0.784431827723828 0.021042529130694
-2.273143993799462 2.273143993799462 4.982755662643586 0.999999999999987 -0.020503976518869
-2.273143993799462 2.273143993799462 -4.539425913611180 0.784431827723828 0.021042529130692
-2.273143993799462 -2.273143993799462 4.982755662643586 0.999999999999987 -0.020503976518871
-2.273143993799462 -2.273143993799462 -4.539425913611180 0.784431827723828 0.021042529130694
2.273143993799462 4.761090788127383 2.494808868315666 0.999938212588558 -0.007658943424368
2.273143993799462 -4.761090788127383 2.494808868315666 0.999938212588558 -0.007658943424370
2.273143993799462 4.761090788127383 -2.051479119283259 0.554614040915722 0.015997426877435
2.273143993799462 -4.761090788127383 -2.051479119283259 0.554614040915722 0.015997426877437
-2.273143993799462 4.761090788127383 2.494808868315666 0.999938212588558 -0.007658943424368
-2.273143993799462 -4.761090788127383 2.494808868315666 0.999938212588558 -0.007658943424370
-2.273143993799462 4.761090788127383 -2.051479119283259 0.554614040915722 0.015997426877435
-2.273143993799462 -4.761090788127383 -2.051479119283259 0.554614040915722 0.015997426877437
4.761090788127383 2.273143993799462 2.494808868315666 0.999999999298516 -0.014020252297304
-4.761090788127383 2.273143993799462 2.494808868315666 0.999999999298516 -0.014020252297304
4.761090788127383 2.273143993799462 -2.051479119283259 0.997708690546949 0.004732056508164
-4.761090788127383 2.273143993799462 -2.051479119283259 0.997708690546949 0.004732056508164
4.761090788127383 -2.273143993799462 2.494808868315666 0.999999999298516 -0.014020252297305
-4.761090788127383 -2.273143993799462 2.494808868315666 0.999999999298516 -0.014020252297306
4.761090788127383 -2.273143993799462 -2.051479119283259 0.997708690546949 0.004732056508164
-4.761090788127383 -2.273143993799462 -2.051479119283259 0.997708690546949 0.004732056508164
2.748118812122875 5.044818700443151 0.221664874516203 0.962765229084952 0.003328964989156
2.748118812122875 -5.044818700443151 0.221664874516203 0.962765229084952 0.003328964989156
-2.748118812122875 5.044818700443151 0.221664874516203 0.962765229084952 0.003328964989156
-2.748118812122875 -5.044818700443151 0.221664874516203 0.962765229084952 0.003328964989156
5.044818700443151 2.748118812122875 0.221664874516203 0.999974906932235 -0.004956452423317
5.044818700443151 -2.748118812122875 0.221664874516203 0.999974906932235 -0.004956452423318
-5.044818700443151 2.748118812122875 0.221664874516203 0.999974906932235 -0.004956452423317
-5.044818700443151 -2.748118812122875 0.221664874516203 0.999974906932235 -0.004956452423319
2.748118812122875 0.000000000000000 5.266483574959354 1.000000000000000 -0.022667763069023
2.748118812122875 0.000000000000000 -4.823153825926948 0.996778921453400 0.018508133085380
-2.748118812122875 0.000000000000000 5.266483574959354 1.000000000000000 -0.022667763069023
-2.748118812122875 0.000000000000000 -4.823153825926948 0.996778921453400 0.018508133085380
5.044818700443151 0.000000000000000 2.969783686639078 1.000000000000000 -0.017139550700103
5.044818700443151 0.000000000000000 -2.526453937606671 0.999996179389822 0.004431784502805
-5.044818700443151 0.000000000000000 2.969783686639078 1.000000000000000 -0.017139550700103
-5.044818700443151 0.000000000000000 -2.526453937606671 0.999996179389822 0.004431784502805
0.000000000000000 2.748118812122875 5.266483574959354 0.999999999999921 -0.020369493563716
0.000000000000000 2.748118812122875 -4.823153825926948 0.491220259674422 0.025886946062242
0.000000000000000 -2.748118812122875 5.266483574959354 0.999999999999921 -0.020369493563719
0.000000000000000 -2.748118812122875 -4.823153825926948 0.491220259674422 0.025886946062245
0.000000000000000 5.044818700443151 2.969783686639078 0.999951526714637 -0.008229148145833
0.000000000000000 5.044818700443151 -2.526453937606671 0.256943732047055 0.022281302330379
0.000000000000000 -5.044818700443151 2.969783686639078 0.999951526714637 -0.008229148145836
0.000000000000000 -5.044818700443151 -2.526453937606671 0.256943732047055 0.022281302330382
0.000000000000000 5.588298098203889 -0.886659498064813 0.358682917337585 0.014230957413404
0.000000000000000 1.430900622196667 -5.044056974072036 0.014269357780093 0.027130724365061
2.400274551901041 3.831175174097708 1.513615053836228 0.000000360305207 -0.007982993539087
2.400274551901041 3.831175174097708 -3.286934049965854 0.458271130822859 0.019779262220940
-2.400274551901041 3.831175174097708 1.513615053836228 0.000000360305207 -0.007982993539087
-2.400274551901041 3.831175174097708 -3.286934049965854 0.458271130822859 0.019779262220940
0.769599275151680 2.200499897348347 -4.899063725567726 0.269499683638143 0.025932937222145
0.769599275151680 0.661301347044988 -4.899063725567726 0.003204755196598 0.027868102783406
-0.769599275151680 2.200499897348347 -4.899063725567726 0.269499683638143 0.025932937222145
-0.769599275151680 0.661301347044988 -4.899063725567726 0.003204755196598 0.027868102783406
0.769599275151680 5.443304849699580 -0.117060222913133 0.109444225842995 0.010238740033745
0.769599275151680 5.443304849699580 -1.656258773216493 0.631236820139205 0.017004971358577
-0.769599275151680 5.443304849699580 -0.117060222913133 0.109444225842995 0.010238740033745
-0.769599275151680 5.443304849699580 -1.656258773216493 0.631236820139205 0.017004971358577
4.012404227502913 2.200499897348347 -1.656258773216493 0.000017159309690 0.005496315864627
-4.012404227502913 2.200499897348347 -1.656258773216493 0.000017159309690 0.005496315864627
2.870354723926802 4.301255346123470 0.011160801980472 0.003618392581920 0.004068134614040
2.870354723926802 4.301255346123470 -1.784479798110099 0.174936666765893 0.013621449118418
-2.870354723926802 4.301255346123470 0.011160801980472 0.003618392581920 0.004068134614040
-2.870354723926802 4.301255346123470 -1.784479798110099 0.174936666765893 0.013621449118418
2.870354723926802 2.328720922241953 -3.757014221991615 0.069220963213265 0.019562834726984
2.870354723926802 0.533080322151382 -3.757014221991615 0.000063533704425 0.019965771519185
-2.870354723926802 2.328720922241953 -3.757014221991615 0.069220963213265 0.019562834726984
-2.870354723926802 0.533080322151382 -3.757014221991615 0.000063533704425 0.019965771519185
0.897820300045285 4.301255346123470 1.983695225861989 0.000000935664136 -0.007178415125601
-0.897820300045285 4.301255346123470 1.983695225861989 0.000000935664136 -0.007178415125601
0.897820300045285 4.301255346123470 -3.757014221991615 0.805782294241697 0.023069776109154
-0.897820300045285 4.301255346123470 -3.757014221991615 0.805782294241697 0.023069776109154
1.645038416565401 3.075939038762068 -4.332185726314894 0.483781271409804 0.023627446796023
1.645038416565401 -0.214137794368733 -4.332185726314894 0.000001903806677 0.028076302952405
-1.645038416565401 3.075939038762068 -4.332185726314894 0.483781271409804 0.023627446796023
-1.645038416565401 -0.214137794368733 -4.332185726314894 0.000001903806677 0.028076302952405
1.645038416565401 4.876426850446748 0.758378918500588 0.003084128824721 0.003213358235985
1.645038416565401 4.876426850446748 -2.531697914630214 0.670475149933313 0.019022040594699
-1.645038416565401 4.876426850446748 0.758378918500588 0.003084128824721 0.003213358235985
-1.645038416565401 4.876426850446748 -2.531697914630214 0.670475149933313 0.019022040594699
3.445526228250080 3.075939038762068 0.758378918500588 0.000000073289200 -0.008313081816723
-3.445526228250080 3.075939038762068 0.758378918500588 0.000000073289200 -0.008313081816723
3.445526228250080 3.075939038762068 -2.531697914630214 0.038796360707329 0.013848842944464
-3.445526228250080 3.075939038762068 -2.531697914630214 0.038796360707329 0.013848842944464
1.988770192983660 5.081756260675264 -0.886659498064813 0.199872818277558 0.012206242421946
-1.988770192983660 5.081756260675264 -0.886659498064813 0.199872818277558 0.012206242421946
3.650855638478597 3.419670815180327 -0.886659498064813 0.001503893210435 0.005114790521609
-3.650855638478597 3.419670815180327 -0.886659498064813 0.001503893210435 0.005114790521609
1.988770192983660 1.430900622196667 -4.537515136543409 0.030590027637596 0.024048922257163
-1.988770192983660 1.430900622196667 -4.537515136543409 0.030590027637596 0.024048922257163
3.650855638478597 1.430900622196667 -2.875429691048473 0.000176800098866 0.012803040761001
-3.650855638478597 1.430900622196667 -2.875429691048473 0.000176800098866 0.012803040761001
0.000000000000000 3.419670815180327 -4.537515136543409 0.709582783801864 0.025115345937803
0.000000000000000 -0.557869570786992 -4.537515136543409 0.000000071606571 0.033062203805782
0.000000000000000 5.081756260675264 1.102110694918847 0.002514304749745 0.002694615392176
0.000000000000000 5.081756260675264 -2.875429691048473 0.837881192275197 0.021122438947394
0.000000000000000 -5.588298098203889 -0.886659498064813 0.358682917337585 0.014230957413405
0.000000000000000 -1.430900622196667 -5.044056974072036 0.014269357780093 0.027130724365063
2.400274551901041 -3.831175174097708 1.513615053836228 0.000000360305207 -0.007982993539089
2.400274551901041 -3.831175174097708 -3.286934049965854 0.458271130822859 0.019779262220942
-2.400274551901041 -3.831175174097708 1.513615053836228 0.000000360305207 -0.007982993539089
-2.400274551901041 -3.831175174097708 -3.286934049965854 0.458271130822859 0.019779262220942
0.769599275151680 -0.661301347044988 -4.899063725567726 0.003204755196598 0.027868102783406
0.769599275151680 -2.200499897348347 -4.899063725567726 0.269499683638143 0.025932937222148
-0.769599275151680 -0.661301347044988 -4.899063725567726 0.003204755196598 0.027868102783406
-0.769599275151680 -2.200499897348347 -4.899063725567726 0.269499683638143 0.025932937222148
0.769599275151680 -5.443304849699580 -0.117060222913133 0.109444225842995 0.010238740033746
0.769599275151680 -5.443304849699580 -1.656258773216493 0.631236820139205 0.017004971358579
-0.769599275151680 -5.443304849699580 -0.117060222913133 0.109444225842995 0.010238740033746
-0.769599275151680 -5.443304849699580 -1.656258773216493 0.631236820139205 0.017004971358579
4.012404227502913 -2.200499897348347 -1.656258773216493 0.000017159309690 0.005496315864628
-4.012404227502913 -2.200499897348347 -1.656258773216493 0.000017159309690 0.005496315864628
2.870354723926802 -4.301255346123470 0.011160801980472 0.003618392581920 0.004068134614039
2.870354723926802 -4.301255346123470 -1.784479798110099 0.174936666765893 0.013621449118419
-2.870354723926802 -4.301255346123470 0.011160801980472 0.003618392581920 0.004068134614039
-2.870354723926802 -4.301255346123470 -1.784479798110099 0.174936666765893 0.013621449118419
2.870354723926802 -0.533080322151382 -3.757014221991615 0.000063533704425 0.019965771519185
2.870354723926802 -2.328720922241953 -3.757014221991615 0.069220963213265 0.019562834726986
-2.870354723926802 -0.533080322151382 -3.757014221991615 0.000063533704425 0.019965771519185
-2.870354723926802 -2.328720922241953 -3.757014221991615 0.069220963213265 0.019562834726986
0.897820300045285 -4.301255346123470 1.983695225861989 0.000000935664136 -0.007178415125603
-0.897820300045285 -4.301255346123470 1.983695225861989 0.000000935664136 -0.007178415125603
0.897820300045285 -4.301255346123470 -3.757014221991615 0.805782294241697 0.023069776109157
-0.897820300045285 -4.301255346123470 -3.757014221991615 0.805782294241697 0.023069776109157
1.645038416565401 0.214137794368733 -4.332185726314894 0.000001903806677 0.028076302952405
1.645038416565401 -3.075939038762068 -4.332185726314894 0.483781271409804 0.023627446796026
-1.645038416565401 0.214137794368733 -4.332185726314894 0.000001903806677 0.028076302952405
-1.645038416565401 -3.075939038762068 -4.332185726314894 0.483781271409804 0.023627446796026
1.645038416565401 -4.876426850446748 0.758378918500588 0.003084128824721 0.003213358235984
1.645038416565401 -4.876426850446748 -2.531697914630214 0.670475149933313 0.019022040594701
-1.645038416565401 -4.876426850446748 0.758378918500588 0.003084128824721 0.003213358235984
-1.645038416565401 -4.876426850446748 -2.531697914630214 0.670475149933313 0.019022040594701
3.445526228250080 -3.075939038762068 0.758378918500588 0.000000073289200 -0.008313081816724
-3.445526228250080 -3.075939038762068 0.758378918500588 0.000000073289200 -0.008313081816724
3.445526228250080 -3.075939038762068 -2.531697914630214 0.038796360707329 0.013848842944466
-3.445526228250080 -3.075939038762068 -2.531697914630214 0.038796360707329 0.013848842944466
1.988770192983660 -5.081756260675264 -0.886659498064813 0.199872818277558 0.012206242421947
-1.988770192983660 -5.081756260675264 -0.886659498064813 0.199872818277558 0.012206242421947
3.650855638478597 -3.419670815180327 -0.886659498064813 0.001503893210435 0.005114790521609
-3.650855638478597 -3.419670815180327 -0.886659498064813 0.001503893210435 0.005114790521609
1.988770192983660 -1.430900622196667 -4.537515136543409 0.030590027637596 0.024048922257165
-1.988770192983660 -1.430900622196667 -4.537515136543409 0.030590027637596 0.024048922257165
3.650855638478597 -1.430900622196667 -2.875429691048473 0.000176800098866 0.012803040761002
-3.650855638478597 -1.430900622196667 -2.875429691048473 0.000176800098866 0.012803040761002
0.000000000000000 0.557869570786992 -4.537515136543409 0.000000071606571 0.033062203805780
0.000000000000000 -3.419670815180327 -4.537515136543409 0.709582783801864 0.025115345937806
0.000000000000000 -5.081756260675264 1.102110694918847 0.002514304749745 0.002694615392176
0.000000000000000 -5.081756260675264 -2.875429691048473 0.837881192275197 0.021122438947396
